iterations

train = [16.890669423623677,
11.630912380460074,
11.488756784698879,
10.739209097958124,
9.679503747738437,
8.929956060997682,
7.883173946756273,
9.07211165675885,
8.245024554148358,
8.503489273714138,
8.593951925562166,
8.41302662186611,
8.529335745670721,
7.624709227190479,
8.038252778495732,
8.581028689583874,
7.857327474799689,
8.064099250452315,
7.779788058929967,
7.405014215559575]

test = [21.495327102803742,
14.410611998794082,
11.878203195658728,
18.20922520349714,
12.842930358757911,
12.601748567983122,
12.209828157974073,
11.395839614109136,
11.154657823334333,
11.094362375640642,
11.938498643352418,
13.747362074163405,
13.898100693397652,
9.978896593307212,
10.702441965631593,
14.229725655712997,
9.436237564063916,
11.395839614109136,
10.099487488694606,
12.270123605667777]


trainTime = [0.082255787,
0.044149531,
0.039484803,
0.068917666,
0.043511049,
0.046074117,
0.042292765,
0.040629244,
0.044104913,
0.054668046,
0.05714574,
0.043870057,
0.046560524,
0.047321208,
0.041507908,
0.04213636,
0.119920988,
0.041255408,
0.039867974,
0.040740654]

testTime = [0.109403044,
0.020318885,
0.017556152,
0.019637348,
0.017522329,
0.016565862,
0.022436721,
0.017967784,
0.019204987,
0.022795007,
0.0207096,
0.017806951,
0.016359963,
0.031894431,
0.0162162,
0.01657642,
0.069994819,
0.022288687,
0.021223593,
0.021202051]