rhc vs iterations

train = [29.32282243473766,
24.79968984233652,
23.507366244507622,
23.95967950374775,
13.07831481002843,
9.86042905143448,
14.629103127423107,
10.648746446110096,
8.232101318170066,
8.981649004910835,
7.870250710777981,
9.563194623933839,
7.547169811320757,
7.560093047299048,
7.4308606875161445,
6.745929180666849,
7.069010080124059,
6.332385629361596,
6.151460325665553,
6.526234169035931]

test = [43.74434730177872,
26.89176967138981,
31.564666867651496,
28.097678625263782,
14.380464274947244,
12.692191739523665,
24.178474525173357,
19.053361471208916,
10.913476032559544,
11.395839614109136,
13.626771178775996,
17.907747965028648,
11.275248718721741,
13.626771178775996,
11.998794091046122,
11.51643050949653,
10.581851070244198,
12.903225806451616,
10.943623756406396,
10.61199879409105]

train time = [2.219754848E9,
4.741949853E9,
6.932977556E9,
9.715923078E9,
1.0575754685E10,
1.3424642206E10,
1.8256089844E10,
1.9927631645E10,
1.992505085E10,
2.3811980291E10,
2.6532729359E10,
2.6226186891E10,
2.9484629144E10,
3.0315325575E10,
3.4008802044E10,
3.714660891E10,
3.8675459976E10,
4.4175583634E10,
5.051861633E10,
5.2559945397E10]

test time = [0.115260797,
0.049918093,
0.017783809,
0.016171992,
0.016604263,
0.02544406,
0.021381027,
0.040992551,
0.016348027,
0.020466625,
0.017804139,
0.01648489,
0.016167054,
0.015682712,
0.016501248,
0.015631152,
0.016238466,
0.027314083,
0.022819341,
0.016598073]




